10
102600 
105600
107100
113200
13230
13240
18500
204360
205100
206190
206440
207610
212680
213670
214560
218410
219150
219740
220
220200
221640
224820
227000
227300
231160
236090
236930
237930
238320
238460
242680
247080
24960
250320
250900
251370
261570
264200
265610
266010
274190
279800
280220
282070
284770
288160
292030
293780
316720
319630
32150
322170
322330
324160
339350
341800
342560
34330
35140
35720
3590
360740
367580
368340
370360
373770
391540
400
400910
411960
413150
413410
413420
420110
427520
428550
431730
433950
48700
49520
550
55230
620
70400
8930
9420
